0.155633 -0.791991 0.590363 -0.277571 0.916218 0.339120 0.213405 0.036201 -0.369218 0.507689 0.778415 0.279480
0.155622 -0.792001 0.590352 -0.277571 0.916207 0.339126 0.213443 0.036218 -0.369250 0.507669 0.778413 0.279487
0.155693 -0.791994 0.590343 -0.277584 0.916193 0.339183 0.213412 0.036186 -0.369256 0.507642 0.778428 0.279480
0.155856 -0.792048 0.590228 -0.277641 0.916170 0.339277 0.213364 0.036184 -0.369245 0.507495 0.778529 0.279504
0.156032 -0.792094 0.590119 -0.277657 0.916155 0.339368 0.213282 0.036164 -0.369206 0.507362 0.778634 0.279551
0.156033 -0.792143 0.590053 -0.277667 0.916149 0.339359 0.213322 0.036174 -0.369221 0.507291 0.778673 0.279569
0.156140 -0.792125 0.590049 -0.277686 0.916099 0.339487 0.213332 0.036185 -0.369299 0.507234 0.778673 0.279583
0.156234 -0.792113 0.590040 -0.277698 0.916056 0.339598 0.213344 0.036211 -0.369369 0.507178 0.778677 0.279615
0.156412 -0.792096 0.590016 -0.277746 0.916045 0.339706 0.213214 0.036183 -0.369318 0.507132 0.778730 0.279609
0.156576 -0.792157 0.589891 -0.277808 0.915738 0.340188 0.213766 0.036447 -0.370010 0.506715 0.778673 0.279762
0.156662 -0.792040 0.590026 -0.277800 0.915783 0.340211 0.213537 0.036382 -0.369863 0.506882 0.778635 0.279721
0.156834 -0.792055 0.589960 -0.277846 0.915755 0.340329 0.213468 0.036370 -0.369858 0.506780 0.778703 0.279750
0.157220 -0.792190 0.589675 -0.278008 0.915674 0.340582 0.213412 0.036389 -0.369895 0.506398 0.778934 0.279802
0.157300 -0.792186 0.589659 -0.278027 0.915620 0.340698 0.213460 0.036396 -0.369996 0.506326 0.778933 0.279823
0.157298 -0.792200 0.589641 -0.278028 0.915638 0.340668 0.213433 0.036382 -0.369953 0.506325 0.778954 0.279831
0.157423 -0.792246 0.589545 -0.278072 0.915642 0.340707 0.213352 0.036365 -0.369889 0.506226 0.779049 0.279851
0.157444 -0.792257 0.589526 -0.278083 0.915651 0.340700 0.213321 0.036358 -0.369856 0.506214 0.779072 0.279853
0.157412 -0.792240 0.589557 -0.278076 0.915693 0.340634 0.213250 0.036342 -0.369768 0.506285 0.779068 0.279833
0.157265 -0.792215 0.589630 -0.278038 0.915697 0.340565 0.213343 0.036371 -0.369820 0.506371 0.778987 0.279821
0.156971 -0.792115 0.589843 -0.277940 0.915767 0.340358 0.213369 0.036357 -0.369771 0.506666 0.778819 0.279752
0.156519 -0.791916 0.590230 -0.277830 0.915769 0.340205 0.213609 0.036406 -0.369959 0.507080 0.778460 0.279654
0.156440 -0.791846 0.590344 -0.277748 0.915774 0.340183 0.213619 0.036379 -0.369978 0.507203 0.778370 0.279662
0.156463 -0.791779 0.590428 -0.277723 0.915864 0.340096 0.213374 0.036280 -0.369747 0.507367 0.778374 0.279616
0.156440 -0.791773 0.590443 -0.277719 0.915955 0.339961 0.213196 0.036205 -0.369530 0.507467 0.778412 0.279571
