0.149507 0.552464 -0.820019 0.141253 -0.880591 0.451570 0.143682 0.086934 0.449675 0.700619 0.554008 0.358448
0.149515 0.552496 -0.819996 0.141259 -0.880592 0.451564 0.143690 0.086936 0.449669 0.700598 0.554040 0.358455
0.152630 0.556339 -0.816818 0.142949 -0.880511 0.451867 0.143237 0.086777 0.448781 0.697355 0.558831 0.359190
0.181945 0.585554 -0.789951 0.154256 -0.880414 0.454782 0.134328 0.081409 0.437911 0.671044 0.598276 0.365364
0.221613 0.619897 -0.752738 0.169581 -0.879571 0.460346 0.120151 0.072806 0.421001 0.635460 0.647262 0.372548
0.290747 0.672052 -0.681037 0.197141 -0.870904 0.480645 0.102499 0.064705 0.396222 0.563317 0.725039 0.386397
0.372397 0.719082 -0.586721 0.221596 -0.852559 0.514847 0.089866 0.058409 0.366692 0.466748 0.804787 0.407992
0.433770 0.744364 -0.507707 0.234568 -0.839264 0.538811 0.072924 0.050983 0.327840 0.394469 0.858438 0.427229
0.472742 0.770976 -0.426744 0.244683 -0.839633 0.541081 0.047407 0.040983 0.267453 0.335897 0.903129 0.443234
0.502784 0.791832 -0.346711 0.251549 -0.837376 0.545693 0.031952 0.034219 0.214499 0.274263 0.937427 0.460230
0.522581 0.804112 -0.283395 0.253223 -0.833595 0.551659 0.028144 0.032974 0.178968 0.221529 0.958590 0.476206
0.542770 0.808988 -0.225696 0.254668 -0.825989 0.562832 0.031025 0.032832 0.152128 0.169583 0.973704 0.491110
0.550466 0.812993 -0.189813 0.253985 -0.820878 0.568507 0.054404 0.040600 0.152140 0.125866 0.980312 0.503151
0.557223 0.815669 -0.155521 0.256124 -0.815906 0.572630 0.079954 0.049475 0.154272 0.082339 0.984591 0.513312
0.576534 0.806990 -0.127965 0.258874 -0.802435 0.588731 0.097435 0.053620 0.153966 0.046509 0.986981 0.521425
0.595951 0.796174 -0.104636 0.260995 -0.788434 0.604860 0.111874 0.057165 0.152362 0.015827 0.988198 0.528565
0.612265 0.785359 -0.091335 0.261584 -0.775573 0.619021 0.123692 0.060259 0.153681 -0.004895 0.988109 0.533769
0.628931 0.772592 -0.086880 0.261552 -0.761561 0.634694 0.131104 0.061323 0.156432 -0.016291 0.987554 0.536957
0.650770 0.754213 -0.087525 0.260495 -0.741880 0.656156 0.138109 0.061750 0.161593 -0.024944 0.986542 0.540092
0.666503 0.739841 -0.091702 0.258848 -0.726573 0.672189 0.142314 0.061434 0.166931 -0.028224 0.985565 0.541927
0.677504 0.728746 -0.099592 0.256363 -0.714347 0.684196 0.146914 0.061225 0.175204 -0.028392 0.984123 0.542961
0.684617 0.720641 -0.109437 0.253649 -0.704668 0.692745 0.153454 0.062660 0.186397 -0.027941 0.982077 0.543720
0.690349 0.713458 -0.119984 0.251254 -0.695569 0.700145 0.161184 0.064936 0.199005 -0.027816 0.979604 0.544294
0.694251 0.707339 -0.132993 0.248517 -0.686994 0.706356 0.170588 0.068150 0.214604 -0.027066 0.976326 0.544607
