0.977439 0.211191 -0.003305 0.580079 -0.211216 0.977282 -0.017539 0.065680 -0.000474 0.017841 0.999841 0.306155
0.977470 0.211050 -0.003161 0.579924 -0.211073 0.977317 -0.017330 0.065798 -0.000568 0.017607 0.999845 0.306149
0.977503 0.210901 -0.002927 0.579777 -0.210920 0.977351 -0.017251 0.065868 -0.000778 0.017480 0.999847 0.306091
0.977527 0.210794 -0.002706 0.579680 -0.210809 0.977375 -0.017279 0.065888 -0.000998 0.017461 0.999847 0.306018
0.977554 0.210666 -0.002889 0.579493 -0.210684 0.977414 -0.016580 0.066184 -0.000669 0.016817 0.999859 0.306202
0.977571 0.210588 -0.002719 0.579422 -0.210604 0.977430 -0.016616 0.066191 -0.000841 0.016816 0.999858 0.306142
0.977572 0.210594 -0.002099 0.579532 -0.210597 0.977414 -0.017647 0.065805 -0.001665 0.017694 0.999842 0.305763
0.977596 0.210472 -0.002854 0.579231 -0.210491 0.977467 -0.015882 0.066477 -0.000553 0.016127 0.999870 0.306282
0.977621 0.210348 -0.003362 0.578949 -0.210374 0.977511 -0.014642 0.067055 0.000206 0.015022 0.999887 0.306694
0.977629 0.210315 -0.002942 0.578985 -0.210335 0.977509 -0.015368 0.066856 -0.000357 0.015643 0.999878 0.306441
0.977648 0.210222 -0.003207 0.578801 -0.210247 0.977539 -0.014644 0.067212 0.000057 0.014991 0.999888 0.306675
0.977648 0.210236 -0.002492 0.578933 -0.210249 0.977527 -0.015369 0.066878 -0.000795 0.015550 0.999879 0.306263
0.977642 0.210266 -0.002292 0.578855 -0.210275 0.977515 -0.015774 0.066820 -0.001077 0.015904 0.999873 0.306159
0.977642 0.210268 -0.001831 0.578904 -0.210270 0.977510 -0.016166 0.066681 -0.001609 0.016189 0.999868 0.305954
0.977668 0.210148 -0.001611 0.578927 -0.210144 0.977524 -0.016901 0.066362 -0.001977 0.016862 0.999856 0.305657
0.977685 0.210071 -0.001453 0.578927 -0.210065 0.977538 -0.017094 0.066274 -0.002171 0.017017 0.999853 0.305573
0.977664 0.210175 -0.000762 0.579068 -0.210156 0.977513 -0.017407 0.066074 -0.002914 0.017179 0.999848 0.305345
0.977774 0.209658 -0.001420 0.578883 -0.209652 0.977631 -0.016821 0.066479 -0.002139 0.016745 0.999858 0.305636
0.977725 0.209889 -0.000736 0.579000 -0.209866 0.977555 -0.018541 0.065822 -0.003173 0.018283 0.999828 0.305093
0.977737 0.209828 -0.001872 0.578550 -0.209831 0.977608 -0.015942 0.066846 -0.001516 0.015980 0.999871 0.305924
0.977737 0.209820 -0.002152 0.578330 -0.209829 0.977624 -0.014938 0.067306 -0.001030 0.015057 0.999886 0.306286
0.977724 0.209893 -0.000687 0.578745 -0.209871 0.977564 -0.017954 0.066114 -0.003097 0.017698 0.999839 0.305224
0.977801 0.209533 -0.001256 0.578549 -0.209524 0.977657 -0.016943 0.066501 -0.002322 0.016831 0.999856 0.305557
0.977725 0.209892 -0.000413 0.578713 -0.209867 0.977576 -0.017329 0.066168 -0.003234 0.017029 0.999850 0.305175
