-0.180303 -0.401234 0.898054 0.022207 0.551753 0.714586 0.430040 0.088187 -0.814284 0.573042 0.092540 0.280307
-0.181372 -0.400200 0.898301 0.022262 0.550372 0.715693 0.429970 0.088209 -0.814981 0.572384 0.090453 0.282323
-0.184373 -0.399001 0.898223 0.021162 0.548784 0.716373 0.430867 0.088485 -0.815379 0.572371 0.086885 0.283687
-0.186997 -0.398502 0.897902 0.019015 0.549439 0.715265 0.431871 0.088013 -0.814340 0.574101 0.085200 0.283961
-0.187979 -0.398550 0.897676 0.015196 0.549582 0.714808 0.432446 0.088263 -0.814017 0.574638 0.084667 0.284193
-0.182959 -0.400379 0.897899 0.007515 0.549614 0.715605 0.431084 0.089299 -0.815138 0.572369 0.089128 0.285627
-0.170823 -0.403274 0.898993 -0.002413 0.548619 0.718954 0.426758 0.089531 -0.818436 0.566105 0.098430 0.288277
-0.155304 -0.406934 0.900159 -0.013986 0.546146 0.723927 0.421491 0.089755 -0.823168 0.557077 0.109816 0.291449
-0.129615 -0.413737 0.901123 -0.031904 0.543916 0.730191 0.413492 0.089701 -0.829069 0.543730 0.130395 0.296001
-0.103002 -0.414932 0.904003 -0.049160 0.545936 0.736130 0.400084 0.085447 -0.831471 0.534738 0.150703 0.298439
-0.073000 -0.410387 0.908985 -0.067322 0.555898 0.739964 0.378722 0.076176 -0.828039 0.532950 0.174116 0.298519
-0.041041 -0.399088 0.915994 -0.086901 0.577716 0.738505 0.347642 0.061356 -0.815206 0.543452 0.200250 0.294652
-0.023064 -0.381515 0.924075 -0.099600 0.599029 0.734744 0.318300 0.046671 -0.800395 0.560889 0.211593 0.287615
-0.012583 -0.354259 0.935063 -0.108109 0.629038 0.724109 0.282802 0.030126 -0.777272 0.591749 0.213730 0.276819
-0.005407 -0.322744 0.946471 -0.115940 0.656126 0.713113 0.246918 0.012721 -0.754631 0.622340 0.207905 0.264074
0.005604 -0.285193 0.958454 -0.121516 0.670308 0.712325 0.208037 -0.003605 -0.742061 0.641294 0.195159 0.253954
0.022030 -0.244232 0.969467 -0.123982 0.680915 0.713690 0.164323 -0.021318 -0.732031 0.656504 0.182024 0.245058
0.032143 -0.211896 0.976764 -0.120109 0.688670 0.712958 0.132005 -0.034743 -0.724363 0.668425 0.168843 0.238323
0.032209 -0.192511 0.980766 -0.109067 0.691831 0.712496 0.117133 -0.039442 -0.721341 0.674752 0.156134 0.236036
0.029818 -0.180849 0.983059 -0.099224 0.688801 0.716417 0.110903 -0.040846 -0.724337 0.673825 0.145931 0.235731
0.025645 -0.176355 0.983993 -0.088147 0.678419 0.726020 0.112439 -0.039766 -0.734227 0.664676 0.138262 0.237881
0.032161 -0.176232 0.983823 -0.080046 0.664466 0.739079 0.110670 -0.039876 -0.746626 0.650158 0.140870 0.242938
0.040037 -0.179835 0.982882 -0.071754 0.648290 0.753200 0.111403 -0.040125 -0.760341 0.632732 0.146741 0.249007
0.034552 -0.181750 0.982738 -0.059479 0.638408 0.760566 0.118215 -0.042808 -0.768922 0.623303 0.142310 0.249791
