0.179222 -0.727084 0.662743 -0.223554 0.821873 0.480920 0.305354 0.034846 -0.540744 0.489965 0.683762 0.336469
0.179222 -0.727085 0.662742 -0.223553 0.821874 0.480919 0.305354 0.034846 -0.540744 0.489964 0.683764 0.336469
0.179222 -0.727085 0.662742 -0.223554 0.821874 0.480919 0.305354 0.034846 -0.540744 0.489964 0.683764 0.336468
0.179222 -0.727085 0.662742 -0.223554 0.821874 0.480919 0.305354 0.034846 -0.540744 0.489964 0.683764 0.336468
0.179222 -0.727085 0.662742 -0.223554 0.821874 0.480919 0.305354 0.034846 -0.540744 0.489964 0.683764 0.336468
0.179222 -0.727085 0.662742 -0.223554 0.821874 0.480919 0.305354 0.034846 -0.540744 0.489964 0.683764 0.336468
0.179222 -0.727085 0.662742 -0.223554 0.821874 0.480919 0.305354 0.034846 -0.540744 0.489964 0.683764 0.336468
0.179222 -0.727085 0.662742 -0.223554 0.821874 0.480919 0.305354 0.034846 -0.540744 0.489964 0.683764 0.336468
0.179222 -0.727085 0.662742 -0.223554 0.821874 0.480919 0.305354 0.034846 -0.540744 0.489964 0.683764 0.336468
0.179222 -0.727085 0.662742 -0.223554 0.821874 0.480919 0.305354 0.034846 -0.540744 0.489964 0.683764 0.336468
0.179222 -0.727085 0.662742 -0.223554 0.821874 0.480919 0.305354 0.034846 -0.540744 0.489964 0.683764 0.336468
0.179222 -0.727085 0.662742 -0.223553 0.821873 0.480919 0.305356 0.034846 -0.540745 0.489963 0.683762 0.336470
0.179222 -0.727085 0.662742 -0.223553 0.821873 0.480919 0.305356 0.034846 -0.540745 0.489963 0.683762 0.336470
0.179222 -0.727085 0.662742 -0.223553 0.821873 0.480919 0.305356 0.034846 -0.540745 0.489963 0.683762 0.336470
0.179222 -0.727084 0.662743 -0.223554 0.821872 0.480920 0.305355 0.034846 -0.540745 0.489964 0.683761 0.336470
0.179222 -0.727084 0.662743 -0.223554 0.821872 0.480920 0.305355 0.034846 -0.540745 0.489964 0.683761 0.336470
0.179222 -0.727084 0.662743 -0.223554 0.821872 0.480920 0.305355 0.034846 -0.540745 0.489964 0.683761 0.336470
0.179222 -0.727084 0.662743 -0.223554 0.821872 0.480920 0.305355 0.034846 -0.540745 0.489964 0.683761 0.336470
0.179222 -0.727084 0.662743 -0.223554 0.821872 0.480920 0.305355 0.034846 -0.540745 0.489964 0.683761 0.336470
0.179222 -0.727085 0.662742 -0.223555 0.821873 0.480919 0.305356 0.034846 -0.540745 0.489963 0.683762 0.336470
0.179223 -0.727085 0.662741 -0.223556 0.821872 0.480921 0.305356 0.034846 -0.540746 0.489962 0.683763 0.336470
0.179220 -0.727083 0.662745 -0.223554 0.821873 0.480919 0.305355 0.034845 -0.540745 0.489966 0.683760 0.336470
0.179206 -0.727073 0.662759 -0.223546 0.821882 0.480909 0.305346 0.034840 -0.540736 0.489990 0.683750 0.336465
0.179178 -0.727050 0.662792 -0.223534 0.821901 0.480891 0.305323 0.034829 -0.540716 0.490042 0.683729 0.336453
