0.168074 0.634050 -0.754806 0.188230 -0.750595 0.578679 0.318964 0.046262 0.639029 0.512944 0.573176 0.352471
0.178201 0.639684 -0.747696 0.190776 -0.755760 0.575579 0.312307 0.043917 0.630136 0.509426 0.586016 0.354374
0.185306 0.642639 -0.743423 0.192152 -0.758501 0.574522 0.307571 0.042819 0.624770 0.506892 0.593905 0.355990
0.190870 0.644060 -0.740781 0.193027 -0.759504 0.574984 0.304216 0.042401 0.621870 0.504560 0.598913 0.357430
0.195819 0.644864 -0.738787 0.193684 -0.759518 0.576286 0.301708 0.042232 0.620313 0.502042 0.602633 0.358850
0.199845 0.645433 -0.737209 0.194350 -0.758562 0.578151 0.300541 0.042218 0.620198 0.499157 0.605142 0.359947
0.205258 0.646218 -0.735031 0.195551 -0.757261 0.580642 0.299018 0.041948 0.620021 0.495235 0.608537 0.361033
0.213551 0.648017 -0.731075 0.197779 -0.755971 0.583614 0.296486 0.041219 0.618793 0.489356 0.614513 0.362354
0.221088 0.649739 -0.727296 0.199774 -0.754655 0.586354 0.294421 0.040567 0.617750 0.483765 0.619965 0.363575
0.228307 0.650799 -0.724111 0.201646 -0.753153 0.589371 0.292237 0.039788 0.616957 0.478647 0.624709 0.364603
0.237328 0.651178 -0.720863 0.203828 -0.750552 0.594023 0.289497 0.038936 0.616723 0.472339 0.629721 0.365883
0.247340 0.652041 -0.716705 0.206195 -0.747531 0.599023 0.286998 0.038389 0.616458 0.464774 0.635583 0.367595
0.267261 0.655951 -0.705904 0.211044 -0.742058 0.607435 0.283501 0.037802 0.614753 0.448053 0.649098 0.371459
0.304036 0.664473 -0.682670 0.219442 -0.732114 0.621486 0.278863 0.036448 0.609567 0.415007 0.675424 0.379167
0.347443 0.673066 -0.652890 0.226971 -0.719580 0.637813 0.274590 0.033791 0.601239 0.374402 0.705928 0.389437
0.396629 0.676138 -0.620905 0.236870 -0.704675 0.657739 0.266108 0.029544 0.588319 0.331990 0.737336 0.399375
0.463587 0.672402 -0.577030 0.251916 -0.682786 0.686149 0.251004 0.022426 0.564704 0.277626 0.777196 0.410971
0.524093 0.660195 -0.538023 0.268281 -0.660779 0.713768 0.232178 0.015399 0.537306 0.233831 0.810324 0.419381
0.577528 0.647332 -0.497416 0.282495 -0.640457 0.737097 0.215644 0.010187 0.506237 0.194033 0.840283 0.428291
0.635284 0.628236 -0.449149 0.299440 -0.614391 0.763511 0.198936 0.005598 0.467909 0.149572 0.871028 0.437979
0.671891 0.615314 -0.412251 0.309790 -0.596640 0.779454 0.190978 0.004083 0.438842 0.117649 0.890829 0.445840
0.704102 0.604083 -0.373262 0.318078 -0.580496 0.792405 0.187402 0.004113 0.408981 0.084727 0.908601 0.454655
0.734309 0.588454 -0.338397 0.324944 -0.560124 0.806873 0.187660 0.006265 0.383473 0.051744 0.922101 0.463713
0.755455 0.573409 -0.317001 0.329684 -0.541726 0.818786 0.190060 0.009047 0.368538 0.028146 0.929187 0.469913
